1 -1.30922e-07 5.18909e-08 0
2 -4.80094e-08 4.40476e-08 0
3 -6.42353e-08 4.62233e-08 0
4 -8.15082e-09 4.06882e-08 0
5 -9.50225e-08 5.0299e-08 0
6 2.24781 0 0.244269
7 3 0 0.347118
8 3 0 0.373848
9 3 0 0.400578
10 0.782543 0 0.227969
11 0.573681 0 0.219698
12 0.649258 0 0.239896
13 0.684972 0 0.258407
14 0.654435 0 0.268174
15 0.590273 0 0.273179
16 0.512151 0 0.276168
17 0.44985 0 0.278481
18 0.385716 0 0.28011
19 0.333135 0 0.280958
20 0.286441 0 0.281771
21 0.243964 0 0.282595
22 0.212163 0 0.283368
23 0.181603 0 0.284104
24 0.157234 0 0.28461
25 0.136997 0 0.285131
26 0.11731 0 0.28559
27 0.10112 0 0.285934
28 0.0875051 0 0.28619
29 0.0755848 0 0.286444
30 0.0652232 0 0.28659
31 0.0557275 0 0.286749
32 0.0482571 0 0.286853
33 0.0417114 0 0.286959
34 0.0363542 0 0.287057
35 0.0312565 0 0.287161
36 0.0274065 0 0.28726
37 0.0238382 0 0.28738
38 0.0244619 0 0.28788
39 0.0235197 0 0.288246
40 0.0182029 0 0.288043
41 0.0133652 0 0.287791
42 0.0110498 0 0.287765
43 -0.927983 0 0.176852
44 -1.82724 0 0.0558999
45 -1.3272 0 0.0797845
46 -0.86581 0 0.110754
47 -0.503125 0 0.137257
48 -0.262259 0 0.154506
49 -0.00785995 0 0.179704
50 0.0918128 0 0.191765
51 0.00251682 0 0.182886
52 -0.0342042 0 0.17874
53 0.00837721 0 0.183107
54 -1.01075 0 0.0734015
55 -0.990521 0 0.0679066
56 -0.852164 0 0.0746864
57 -0.692877 0 0.0848988
58 1.72816 0 0.339704
59 2.50633 0 0.438049
60 2.20673 0 0.425367
61 1.804 0 0.399166
62 0.116194 0 0.236582
63 0.0331208 0 0.228896
64 0.18047 0 0.246706
65 0.289952 0 0.262813
66 0.32616 0 0.271786
67 0.323087 0 0.276703
68 0.302231 0 0.279441
69 0.272124 0 0.281304
70 0.242534 0 0.282398
71 0.214893 0 0.283199
72 0.188876 0 0.28394
73 0.164691 0 0.284417
74 0.144358 0 0.284887
75 0.126961 0 0.2852
76 0.112532 0 0.28557
77 0.100177 0 0.286099
78 0.0891039 0 0.286448
79 0.0776977 0 0.286543
80 0.0678183 0 0.286601
81 0.0593892 0 0.286766
82 0.0554693 0 0.28724
83 0.0533977 0 0.287864
84 0.0471861 0 0.288018
85 0.0385431 0 0.287753
86 0.0311401 0 0.287502
87 0.0261677 0 0.287433
88 0.0234736 0 0.287543
89 0.0208185 0 0.287624
90 0.0181397 0 0.287633
91 0.0157351 0 0.287634
92 0.0134104 0 0.287622
93 0.0115391 0 0.287609
94 0.00997563 0 0.287607
95 0.00874625 0 0.287623
96 0.00762855 0 0.28764
97 0.00677489 0 0.287658
98 0.00604076 0 0.287675
99 0.00535864 0 0.28769
100 0.00476688 0 0.287701
101 0.00418256 0 0.287711
102 0.00371201 0 0.287721
103 0.00330133 0 0.287728
104 -0.930645 0 0.180402
105 -1.83896 0 0.0592824
106 -1.46059 0 0.075167
107 -1.03506 0 0.101884
108 -0.687365 0 0.125682
109 -0.349709 0 0.151737
110 -0.107685 0 0.173042
111 -0.00593863 0 0.183099
112 0.0305791 0 0.187257
113 0.0355426 0 0.188228
114 0.0491007 0 0.190135
115 -0.923614 0 0.0867398
116 -0.940148 0 0.0785993
117 -0.796635 0 0.0874538
118 -0.582035 0 0.10488
119 -0.476671 0 0.112242
120 1.53965 0 0.324775
121 2.35439 0 0.422635
122 2.37524 0 0.441751
123 2.10092 0 0.428122
124 0.423729 0 0.277348
125 0.182809 0 0.256113
126 0.192377 0 0.259378
127 0.237814 0 0.266869
128 0.282527 0 0.275866
129 0.311969 0 0.283761
130 0.313591 0 0.2889
131 0.294271 0 0.291364
132 0.257337 0 0.291909
133 0.218179 0 0.29124
134 0.174102 0 0.289569
135 0.134888 0 0.287619
136 0.105356 0 0.286281
137 0.0865162 0 0.285806
138 0.0759972 0 0.286074
139 0.0665302 0 0.286107
140 0.0611694 0 0.286507